    id     |  area   |        lat         |        lon         
-----------+---------+--------------------+--------------------
 326045353 | 56.8055 | 4.7438917077683636 | 11.222506419513309
 326045347 | 14.8825 |  4.744689172191452 | 11.222302639026724
 326045358 | 95.9769 |  4.745578099525662 | 11.221463750000002
 326045355 | 135.73  |  4.748461703860768 |  11.22048851772178
 326045351 | 54.8931 |  4.748476716847935 | 11.221134438354277
 326045348 | 23.3386 |  4.748513968438721 | 11.219687743473571
 326045350 | 143.037 |  4.749893299525331 |        11.21890295
 326045352 | 180.821 |   4.74992476740053 | 11.216724195028254
 326045354 | 8.08009 |  4.749975299525325 |          11.219454
 326045349 | 202.344 | 4.7503964110004135 | 11.218614569260613
 320046812 | 139.884 |  4.751294311808524 | 11.245666224423063
(11 rows)

